0	0	0	2560	208	4	0
01	0	0	1280	104	4	0
011	0	0	640	52	0	0
012	640	0	640	52	4	0
0121	640	0	320	26	0	0
0122	960	0	320	26	0	0
0123	640	26	320	26	4	0
01231	640	26	160	13	0	0
01232	800	26	160	13	0	0
01233	640	39	160	13	0	0
01234	800	39	160	13	0	2	140	161
0124	960	26	320	26	0	0
013	0	52	640	52	4	0
0131	0	52	320	26	0	0
0132	320	52	320	26	4	0
01321	320	52	160	13	0	0
01322	480	52	160	13	0	0
01323	320	65	160	13	0	0
01324	480	65	160	13	0	1	128
0133	0	78	320	26	4	0
01331	0	78	160	13	0	1	68
01332	160	78	160	13	0	0
01333	0	91	160	13	0	2	68	69
01334	160	91	160	13	0	0
0134	320	78	320	26	4	0
01341	320	78	160	13	0	0
01342	480	78	160	13	0	1	128
01343	320	91	160	13	0	0
01344	480	91	160	13	0	2	128	153
014	640	52	640	52	4	0
0141	640	52	320	26	4	0
01411	640	52	160	13	0	0
01412	800	52	160	13	0	2	140	161
01413	640	65	160	13	0	1	129
01414	800	65	160	13	0	0
0142	960	52	320	26	4	0
01421	960	52	160	13	0	0
01422	1120	52	160	13	0	4	135	157	166	167
01423	960	65	160	13	0	1	130
01424	1120	65	160	13	0	5	135	142	157	166	167
0143	640	78	320	26	4	0
01431	640	78	160	13	0	3	129	139	155
01432	800	78	160	13	0	3	112	113	163
01433	640	91	160	13	0	5	129	139	153	154	155
01434	800	91	160	13	0	12	73	74	75	76	77	78	79	97	112	113	134	163
0144	960	78	320	26	4	0
01441	960	78	160	13	0	2	130	164
01442	1120	78	160	13	0	5	135	142	157	166	167
01443	960	91	160	13	0	1	164
01444	1120	91	160	13	0	5	80	98	135	166	167
02	1280	0	1280	104	4	0
021	1280	0	640	52	4	0
0211	1280	0	320	26	0	0
0212	1600	0	320	26	0	0
0213	1280	26	320	26	4	0
02131	1280	26	160	13	0	0
02132	1440	26	160	13	0	3	125	174	175
02133	1280	39	160	13	0	2	143	160
02134	1440	39	160	13	0	3	125	174	175
0214	1600	26	320	26	0	0
022	1920	0	640	52	0	0
023	1280	52	640	52	4	0
0231	1280	52	320	26	4	0
02311	1280	52	160	13	0	6	116	123	143	160	168	173
02312	1440	52	160	13	0	8	70	71	72	96	124	125	174	175
02313	1280	65	160	13	0	4	116	123	168	173
02314	1440	65	160	13	0	6	70	71	72	96	124	176
0232	1600	52	320	26	4	0
02321	1600	52	160	13	0	0
02322	1760	52	160	13	0	0
02323	1600	65	160	13	0	1	131
02324	1760	65	160	13	0	1	132
0233	1280	78	320	26	4	0
02331	1280	78	160	13	0	4	116	123	168	173
02332	1440	78	160	13	0	6	70	71	72	96	124	176
02333	1280	91	160	13	0	10	81	82	83	84	85	99	116	123	168	173
02334	1440	91	160	13	0	4	86	100	124	176
0234	1600	78	320	26	4	0
02341	1600	78	160	13	0	1	131
02342	1760	78	160	13	0	1	132
02343	1600	91	160	13	0	0
02344	1760	91	160	13	0	0
024	1920	52	640	52	4	0
0241	1920	52	320	26	4	0
02411	1920	52	160	13	0	0
02412	2080	52	160	13	0	0
02413	1920	65	160	13	0	1	133
02414	2080	65	160	13	0	0
0242	2240	52	320	26	0	0
0243	1920	78	320	26	4	0
02431	1920	78	160	13	0	1	133
02432	2080	78	160	13	0	0
02433	1920	91	160	13	0	0
02434	2080	91	160	13	0	0
0244	2240	78	320	26	0	0
03	0	104	1280	104	4	0
031	0	104	640	52	4	0
0311	0	104	320	26	4	0
03111	0	104	160	13	0	2	67	69
03112	160	104	160	13	0	0
03113	0	117	160	13	0	2	66	67
03114	160	117	160	13	0	0
0312	320	104	320	26	4	0
03121	320	104	160	13	0	0
03122	480	104	160	13	0	1	153
03123	320	117	160	13	0	4	136	137	148	149
03124	480	117	160	13	0	4	137	138	149	152
0313	0	130	320	26	4	0
03131	0	130	160	13	0	2	66	171
03132	160	130	160	13	0	1	119
03133	0	143	160	13	0	2	66	171
03134	160	143	160	13	0	1	119
0314	320	130	320	26	4	0
03141	320	130	160	13	0	4	136	137	148	149
03142	480	130	160	13	0	6	122	137	138	147	149	152
03143	320	143	160	13	0	2	120	121
03144	480	143	160	13	0	3	122	147	170
032	640	104	640	52	4	0
0321	640	104	320	26	4	0
03211	640	104	160	13	0	3	153	154	162
03212	800	104	160	13	0	10	73	74	75	76	77	78	79	97	134	162
03213	640	117	160	13	0	2	154	162
03214	800	117	160	13	0	4	87	101	134	162
0322	960	104	320	26	4	0
03221	960	104	160	13	0	0
03222	1120	104	160	13	0	2	80	98
03223	960	117	160	13	0	0
03224	1120	117	160	13	0	2	141	158
0323	640	130	320	26	4	0
03231	640	130	160	13	0	1	147
03232	800	130	160	13	0	2	87	101
03233	640	143	160	13	0	1	147
03234	800	143	160	13	0	2	87	101
0324	960	130	320	26	4	0
03241	960	130	160	13	0	0
03242	1120	130	160	13	0	2	141	158
03243	960	143	160	13	0	0
03244	1120	143	160	13	0	0
033	0	156	640	52	4	0
0331	0	156	320	26	4	0
03311	0	156	160	13	0	2	63	171
03312	160	156	160	13	0	2	111	119
03313	0	169	160	13	0	12	0	1	2	3	4	5	6	7	63	64	65	171
03314	160	169	160	13	0	12	8	9	10	11	12	13	14	15	16	17	111	119
0332	320	156	320	26	4	0
03321	320	156	160	13	0	2	120	121
03322	480	156	160	13	0	4	89	103	122	170
03323	320	169	160	13	0	12	18	19	20	21	22	23	24	25	26	27	120	121
03324	480	169	160	13	0	7	28	29	30	89	103	122	170
0333	0	182	320	26	4	0
03331	0	182	160	13	0	10	0	1	2	3	4	5	6	7	64	65
03332	160	182	160	13	0	10	8	9	10	11	12	13	14	15	16	17
03333	0	195	160	13	0	0
03334	160	195	160	13	0	0
0334	320	182	320	26	4	0
03341	320	182	160	13	0	10	18	19	20	21	22	23	24	25	26	27
03342	480	182	160	13	0	3	28	29	30
03343	320	195	160	13	0	0
03344	480	195	160	13	0	0
034	640	156	640	52	4	0
0341	640	156	320	26	4	0
03411	640	156	160	13	0	6	90	91	92	104	105	106
03412	800	156	160	13	0	0
03413	640	169	160	13	0	6	90	91	92	104	105	106
03414	800	169	160	13	0	0
0342	960	156	320	26	4	0
03421	960	156	160	13	0	5	93	94	95	107	165
03422	1120	156	160	13	0	2	114	165
03423	960	169	160	13	0	5	93	94	95	107	165
03424	1120	169	160	13	0	11	31	32	33	34	35	36	37	38	39	114	165
0343	640	182	320	26	0	0
0344	960	182	320	26	4	0
03441	960	182	160	13	0	0
03442	1120	182	160	13	0	9	31	32	33	34	35	36	37	38	39
03443	960	195	160	13	0	0
03444	1120	195	160	13	0	0
04	1280	104	1280	104	4	0
041	1280	104	640	52	4	0
0411	1280	104	320	26	4	0
04111	1280	104	160	13	0	7	81	82	83	84	85	99	177
04112	1440	104	160	13	0	3	86	100	177
04113	1280	117	160	13	0	3	88	102	177
04114	1440	117	160	13	0	1	177
0412	1600	104	320	26	4	0
04121	1600	104	160	13	0	2	144	159
04122	1760	104	160	13	0	0
04123	1600	117	160	13	0	2	144	159
04124	1760	117	160	13	0	2	145	156
0413	1280	130	320	26	4	0
04131	1280	130	160	13	0	4	88	102	115	177
04132	1440	130	160	13	0	1	177
04133	1280	143	160	13	0	4	88	102	115	172
04134	1440	143	160	13	0	0
0414	1600	130	320	26	4	0
04141	1600	130	160	13	0	0
04142	1760	130	160	13	0	4	126	127	145	156
04143	1600	143	160	13	0	0
04144	1760	143	160	13	0	3	126	127	169
042	1920	104	640	52	4	0
0421	1920	104	320	26	0	0
0422	2240	104	320	26	0	0
0423	1920	130	320	26	4	0
04231	1920	130	160	13	0	1	127
04232	2080	130	160	13	0	0
04233	1920	143	160	13	0	2	117	127
04234	2080	143	160	13	0	0
0424	2240	130	320	26	0	0
043	1280	156	640	52	4	0
0431	1280	156	320	26	4	0
04311	1280	156	160	13	0	2	115	172
04312	1440	156	160	13	0	0
04313	1280	169	160	13	0	9	40	41	42	43	44	45	46	115	172
04314	1440	169	160	13	0	0
0432	1600	156	320	26	4	0
04321	1600	156	160	13	0	3	108	109	110
04322	1760	156	160	13	0	3	126	127	169
04323	1600	169	160	13	0	3	108	109	110
04324	1760	169	160	13	0	9	47	48	49	50	51	52	53	126	169
0433	1280	182	320	26	4	0
04331	1280	182	160	13	0	7	40	41	42	43	44	45	46
04332	1440	182	160	13	0	0
04333	1280	195	160	13	0	0
04334	1440	195	160	13	0	0
0434	1600	182	320	26	4	0
04341	1600	182	160	13	0	0
04342	1760	182	160	13	0	7	47	48	49	50	51	52	53
04343	1600	195	160	13	0	0
04344	1760	195	160	13	0	0
044	1920	156	640	52	4	0
0441	1920	156	320	26	4	0
04411	1920	156	160	13	0	2	117	127
04412	2080	156	160	13	0	0
04413	1920	169	160	13	0	9	54	55	56	57	58	59	60	61	117
04414	2080	169	160	13	0	0
0442	2240	156	320	26	0	0
0443	1920	182	320	26	4	0
04431	1920	182	160	13	0	8	54	55	56	57	58	59	60	61
04432	2080	182	160	13	0	0
04433	1920	195	160	13	0	0
04434	2080	195	160	13	0	0
0444	2240	182	320	26	0	0
