58
0-0	0	0
	0
0-1	128	0
	0
0-2	256	0
	3	144	151	185
0-3	384	0
	9	26	27	28	29	30	145	152	186	205
0-4	512	0
	9	0	1	2	31	32	33	34	166	202
0-5	640	0
	9	3	4	5	6	7	153	167	187	219
0-6	768	0
	1	146
0-7	896	0
	6	146	154	173	188	206	224
0-8	1024	0
	3	8	9	10
0-9	1152	0
	7	11	12	13	14	175	203	220
0-10	1280	0
	9	15	35	36	37	38	39	156	190	221
0-11	1408	0
	15	40	41	42	43	44	45	46	47	156	157	168	176	177	190	191
0-12	1536	0
	11	16	17	18	48	49	50	51	178	179	180	204
0-13	1664	0
	6	19	20	21	22	23	222
0-14	1792	0
	2	24	149
0-15	1920	0
	2	25	223
0-16	2048	0
	7	52	160	161	169	194	195	207
0-17	2176	0
	4	53	54	55	225
0-18	2304	0
	3	162	181	196
0-19	2432	0
	2	163	197
0-20	2560	0
	4	164	172	182	198
0-21	2688	0
	9	56	57	58	59	60	172	182	183	208
0-22	2816	0
	6	61	62	63	165	199	226
0-23	2944	0
	1	184
0-24	3072	0
	0
0-25	3200	0
	0
0-26	3328	0
	0
0-27	3456	0
	0
0-28	3584	0
	0
1-0	0	110
	8	91	92	93	94	95	96	97	98
1-1	128	110
	8	99	100	101	102	103	104	105	106
1-2	256	110
	9	64	65	66	67	68	69	70	144	209
1-3	384	110
	9	26	27	28	29	30	71	72	145	205
1-4	512	110
	4	31	32	33	34
1-5	640	110
	0
1-6	768	110
	5	146	210	216	227	231
1-7	896	110
	6	107	108	109	146	206	224
1-8	1024	110
	7	110	111	112	113	155	174	189
1-9	1152	110
	8	114	115	116	117	147	148	155	189
1-10	1280	110
	8	35	36	37	38	39	73	74	118
1-11	1408	110
	12	40	41	42	43	44	45	46	47	75	76	119	168
1-12	1536	110
	9	48	49	50	51	120	121	122	123	124
1-13	1664	110
	3	125	158	192
1-14	1792	110
	4	159	193	217	232
1-15	1920	110
	2	211	228
1-16	2048	110
	9	52	77	78	79	80	81	169	207	212
1-17	2176	110
	8	53	54	55	126	127	128	170	225
1-18	2304	110
	7	82	83	129	130	131	213	229
1-19	2432	110
	10	84	85	86	132	133	134	135	163	171	214
1-20	2560	110
	8	87	88	136	137	138	172	215	230
1-21	2688	110
	9	56	57	58	59	60	89	90	172	208
1-22	2816	110
	4	61	62	63	226
1-23	2944	110
	8	139	140	141	142	143	150	201	218
1-24	3072	110
	0
1-25	3200	110
	0
1-26	3328	110
	0
1-27	3456	110
	0
1-28	3584	110
	0
